4294967278,300
4294967278,149
4294967278,148
4294967279,148
4294967278,147
426,4
426,3
426,2
426,1
4294967279,335
4294967294,429
4294967294,187
4294967294,1420
4294967278,145
4294967278,144
425,4
425,3
425,2
425,1
4294967278,143
4294967294,176
4294967294,962
4294967294,917
4294967279,143
4294967279,141
4294967278,294
4294967279,377
4294967279,139
4294967279,356
4294967278,547
4294967278,138
4294967279,279
4294967278,276
4294967278,135
4294967278,134
4294967278,133
4294967279,355
4294967278,288
4294967279,288
4294967279,272
4294967279,119
4294967279,118
4294967279,117
4294967279,116
4294967279,115
4294967279,114
4294967279,113
4294967279,112
4294967279,111
4294967279,110
4294967279,109
4294967279,108
4294967279,107
4294967278,268
4294967279,271
4294967278,290
422,4
422,3
422,2
422,1
4294967279,287
4294967294,409
4294967294,399
4294967294,926
4294967294,421
4294967294,953
4294967294,407
4294967294,384
4294967294,460
4294967294,458
4294967278,265
421,4
421,3
421,2
421,1
4294967278,264
4294967279,264
4294967278,327
4294967279,262
4294967279,281
4294967278,326
4294967278,17
4294967278,16
4294967278,10
4294967278,9
4294967278,7
4294967278,6
4294967278,5
4294967278,4
4294967278,570
4294967278,252
418,4
418,3
418,2
418,1
4294967278,248
4294967278,246
4294967278,244
417,4
417,3
417,2
417,1
4294967278,242
4294967278,569
4294967278,530
4294967278,0
4294967278,15
4294967278,13
4294967279,132
4294967279,131
4294967279,130
4294967279,129
4294967279,128
4294967279,127
4294967279,126
4294967279,125
4294967279,124
4294967279,123
4294967279,122
4294967279,121
4294967279,120
4294967278,235
4294967278,233
4294967278,230
4294967278,228
4294967278,226
416,4
416,3
416,2
416,1
4294967278,224
4294967294,387
4294967278,222
4294967279,222
4294967278,220
415,4
415,3
415,2
415,1
4294967278,218
4294967278,217
4294967278,215
4294967278,529
4294967279,324
4294967278,527
4294967278,211
4294967278,210
414,4
414,3
414,2
414,1
4294967278,209
4294967278,208
4294967279,209
4294967278,207
413,4
413,3
413,2
413,1
4294967279,347
4294967278,206
4294967278,525
4294967278,14
4294967278,12
4294967278,11
4294967278,8
4294967279,321
4294967279,322
4294967278,523
4294967278,524
4294967279,203
4294967279,320
4294967278,521
4294967278,201
4294967279,202
4294967278,200
412,4
4294967279,201
412,3
412,2
412,1
4294967278,199
4294967279,200
4294967294,967
4294967294,921
4294967294,920
4294967294,961
4294967294,173
4294967278,198
4294967279,199
4294967278,197
411,4
411,3
411,2
411,1
4294967278,196
4294967279,317
4294967278,517
4294967278,518
4294967279,316
4294967278,515
4294967278,36
4294967278,35
4294967278,34
4294967278,33
4294967278,32
4294967278,31
4294967278,30
4294967278,29
4294967278,28
4294967278,27
4294967278,26
4294967278,25
4294967278,24
4294967278,23
4294967278,22
4294967278,21
4294967278,20
4294967278,19
4294967278,18
410,4
410,3
410,2
410,1
4294967278,188
4294967279,189
4294967278,187
409,4
409,3
409,2
409,1
4294967278,186
4294967279,313
4294967278,319
4294967278,512
4294967279,312
4294967278,317
408,4
408,3
408,2
408,1
4294967278,178
4294967279,179
4294967278,177
407,4
407,3
407,2
407,1
4294967278,176
4294967279,177
4294967279,309
4294967278,313
4294967278,314
4294967279,308
4294967278,311
406,4
406,3
406,2
406,1
4294967279,168
4294967278,166
405,4
405,3
405,2
405,1
4294967279,166
4294967279,305
4294967278,308
4294967279,304
4294967278,305
404,4
404,3
404,2
404,1
4294967279,158
4294967278,156
403,4
403,3
403,2
403,1
4294967279,155
4294967279,301
4294967278,302
4294967279,300
4294967278,299
402,4
402,3
402,2
402,1
4294967279,147
4294967278,146
401,4
401,3
401,2
401,1
4294967279,145
4294967279,297
4294967278,296
4294967294,956
4294967294,168
4294967294,397
4294967294,466
4294967279,296
4294967278,293
400,4
400,3
400,2
400,1
4294967279,137
4294967278,136
399,4
399,3
399,2
399,1
4294967279,135
4294967279,290
4294967278,292
4294967279,289
4294967278,273
4294967279,376
4294967278,281
4294967278,48
4294967278,47
4294967278,46
4294967278,45
4294967278,44
4294967278,43
4294967278,42
4294967278,41
4294967278,40
4294967278,39
4294967278,38
4294967278,37
4294967278,260
4294967279,270
398,4
4294967278,266
398,3
398,2
398,1
4294967279,286
4294967278,282
397,4
397,3
397,2
397,1
4294967279,266
4294967279,293
4294967294,170
4294967294,922
4294967278,262
4294967279,292
4294967279,375
4294967278,285
4294967278,544
4294967279,374
4294967278,541
396,4
4294967279,353
396,3
396,2
396,1
4294967278,573
4294967279,331
395,4
395,3
395,2
395,1
4294967279,372
4294967278,255
4294967279,371
4294967278,571
4294967279,252
4294967279,350
4294967278,250
394,4
4294967279,249
394,3
394,2
394,1
4294967279,246
393,4
393,3
393,2
393,1
4294967279,242
4294967279,349
4294967279,238
4294967279,241
4294967278,239
4294967279,325
4294967279,239
4294967278,62
4294967278,61
4294967278,60
4294967278,59
4294967278,58
4294967278,57
4294967278,56
4294967278,55
4294967278,54
4294967278,53
4294967278,52
4294967278,51
4294967278,50
4294967278,49
4294967279,91
4294967279,90
4294967279,89
4294967279,86
392,4
392,3
392,2
392,1
4294967279,231
4294967294,388
391,4
4294967279,226
391,3
391,2
391,1
4294967279,217
4294967279,219
390,4
390,3
390,2
390,1
4294967279,323
389,4
4294967279,211
389,3
389,2
389,1
388,4
388,3
388,2
388,1
4294967279,319
387,4
387,3
387,2
387,1
4294967294,389
4294967279,198
4294967278,563
4294967279,318
4294967279,344
4294967278,519
4294967278,194
4294967279,315
4294967278,192
4294967279,193
4294967278,191
4294967279,192
4294967278,190
4294967279,191
4294967278,189
